 time:(seconds)   2901.75073    
 time:(hours)    0.806041896    
 time:(days)      3.35850790E-02
 Lx:              70.7106781    
 Ly:              70.7106781    
 Lz:              100.000000    
 Ngl:                    50
 Nml:                    50
 Nq:                      0
 NN:                   2500
 sigmag:          9.99999978E-03
 qq:                      0
